100
5
1 2 3 4 5
3
3 5 6
2
5 6
2
5 5
15
6955 291753 239155 476560 876488 85946 173342 115004 312325 351040 475127 687067 614745 951163 312890
15
160748 977295 403000 299310 500790 10981 671813 442122 36070 589788 299596 766438 334537 626197 998379
11
897037 499762 416011 377348 698722 576024 267150 192150 371267 205769 385425
12
917379 550263 585338 968641 985060 725466 935950 322439 384188 479419 760389 266426
12
250546 922950 655914 354114 85038 383610 847456 692528 163457 147395 809246 807876
15
451794 65497 396212 986053 699277 372353 41838 517136 720589 429292 126979 158790 934960 653655 985611
6
811968 637905 246497 864534 898237 434011
11
654445 189306 628819 103666 607169 26834 616982 389702 550712 171261 809776
4
806729 618694 183361 461244
12
722973 630977 179983 719357 839797 672493 804915 155212 150229 298650 82505 857567
4
9864 4090 9115 2793
3
679 8267 8940
3
9704 8718 2022
3
2319 3551 766
11
9234 5285 3662 952 8312 848 2069 2000 1554 8727 13737
15
8058 8144 701 3483 4922 6766 3372 5989 9658 8336 6883 3493 6174 5019 1400
14
2575 4501 2841 1839 355 3360 8925 5338 8540 4010 4469 2723 6467 395
6
4192 4179 1830 6421 8505 16185
8
6016 7074 6896 5735 5146 3265 7635 9295
9
5462 8831 3475 3355 7992 780 4105 5819 11559
13
9283 2067 143 7403 6960 4967 6284 7630 7296 7234 3727 6313 11205
13
8937 6089 8827 6534 8125 594 1040 7759 1522 2025 8404 5557 9447
15
5048 2380 9477 1161 934 2424 6198 1323 9412 5274 5394 1530 8060 378 5208
13
7883 6828 2282 1783 189 8021 5471 7187 8079 288 7438 9933 3784
3
7270 7432 366
3
7088 30 4955
13
6626 7148 5917 7502 7022 1778 1441 1106 8866 8124 2195 871 8920
5
9788 5244 911 4137 8678
5
900 9143 6720 5660 11375
13
319 8475 5623 7727 8594 2635 7013 9832 5075 6290 1452 7629 11784
5
6373 4091 6921 5465 1851
3
8794 6415 15189
2
4389 5028
13
4525 3744 4217 7919 1859 9810 8627 24 6836 9076 5091 797 456
7
9650 1830 4680 1848 2800 2173 9934
14
5074 9647 8251 5102 5126 2559 1369 1741 9467 638 8793 6475 2737 9707
6
6067 7412 1956 930 3454 575
5
8864 6160 7140 5693 14185
13
2390 1696 259 3419 731 9114 6016 6525 7942 8935 1387 5485 501
3
632 2202 2786
14
7087 6968 348 1551 5829 6078 4335 4850 4962 2275 87 9097 437 8448
5
3153 3643 4212 9709 6877
14
184 6150 4239 5449 6200 8837 8690 7744 8063 9057 77 4073 2466 1533
8
5607 5865 31 1552 2246 402 2659 1590
3
9412 1841 9205
3
3449 7990 4687
15
4164 9923 5889 4955 3111 1621 5529 1909 7143 5906 5223 2409 3322 5498 7252
15
7422 2539 2722 1199 7785 4547 8962 4996 3409 8706 9920 2778 6064 399 4982
15
3046 4166 6691 6423 5400 3495 5185 3931 7083 4302 6888 6364 5311 1340 995
12
5871 8198 9170 9703 8067 9741 884 8241 4689 3777 3022 2940
8
4926 3305 5858 1044 3402 4766 2628 6321
11
6678 2455 3568 1081 2821 5470 8255 948 4834 3710 15108
15
7854 1322 7379 9099 3301 4681 2670 4593 4540 4089 9685 3213 9166 2603 16151
5
1240 3429 3903 4850 5232
15
4902 8927 64 2795 7130 9952 7763 2749 9381 92 8652 8575 4034 7049 3881
3
3639 2758 1265
8
7047 3830 838 4773 8965 5883 466 2537
10
8666 3392 6446 8037 5958 8161 9256 1613 1829 3920
14
3680 8598 4626 5057 650 4651 9403 8660 6891 3249 9672 3734 2915 3468
2
869 933
5
3198 1354 8489 9203 850
8
3031 2320 5536 9336 9660 584 8780 8394
2
1726 3023
8
7479 3836 8243 1272 6647 6493 7770 10736
5
2421 8492 2346 6669 15230
3
603 7093 6638
7
7033 946 5514 5246 6610 4200 4639
15
9693 1209 1555 7477 64 536 666 1901 3733 1021 1602 2687 6809 6678 3866
4
1246 3915 7212 5875
3
7516 6454 1130
13
5991 7912 1605 239 860 2665 2250 6359 9333 9077 7093 245 2637
5
3233 6992 7834 217 2482
14
5461 3458 7559 2347 4705 7259 1840 5302 2339 6212 1254 6625 2724 5891
3
3916 4448 7724
3
2338 6535 4261
7
7215 1290 1672 3 2461 5775 188
7
9791 9272 9425 4249 740 6391 11356
10
3441 4550 4924 370 1139 3837 8787 2272 1221 2985
12
7408 723 3701 3923 1750 7034 882 3899 3941 4298 3285 7578
9
6006 1833 2301 1594 6093 9178 8187 5758 8970
14
8845 845 7259 4473 4767 7199 2122 4491 1722 9988 4940 9879 4831 1596
8
177 2659 2685 625 9750 1131 5731 8225
14
1113 3258 1628 409 2456 6966 1242 7717 5959 585 8722 7548 301 11322
3
3665 6405 5972
3
3966 1543 7076
14
2959 4832 9842 8221 1884 47 9909 4368 4676 7081 1426 5435 5387 9113
5
1014 8546 2964 8454 2054
4
2700 5232 4129 3805
5
4802 649 3550 5154 2487
15
859 2208 1756 9424 4171 5211 124 9945 7680 2368 1815 4085 2689 5264 2801
10
1912 5626 2426 2073 1149 1661 4767 7040 587 6837
11
6145 5142 9029 2477 2347 5736 7492 7748 3486 5549 8847
4
7364 2173 6050 795
6
4746 7748 7651 5291 1848 702
10
6219 1458 2277 732 3924 8850 4315 515 2198 8264
14
4279 9370 353 2146 2923 2869 8726 5717 5147 4002 2848 6895 1230 7433
