100
5
1 2 3 4 5
3
3 5 6
2
5 6
2
5 5
14
270206 839562 47430 604041 735204 830165 885336 256651 160934 402497 823105 816686 38673 202358
15
66434 180435 496262 120474 858019 923486 898174 771401 670409 449089 128482 715121 262664 818930 390896
9
938132 375301 344907 938722 725906 230456 900575 554208 162457
12
122008 538083 315992 952888 393233 874419 295656 463813 885621 487522 610327 578708
3
22930 743443 721281
8
193036 477526 751749 918414 917026 49864 705710 473109
9
213854 926969 161461 32806 595683 126096 305764 742090 562153
3
608993 280790 852535
5
327810 665468 997401 162680 156831
7
846581 293568 136273 143252 679111 218771 206684
13
9629 3270 2128 2020 5994 1088 6445 3411 1615 6019 3628 6870 3610
15
6334 3252 6738 9729 1747 4461 5761 2614 7727 2564 98 9002 1619 7745 3105
4
612 7236 3231 4799
3
3848 2148 1900
5
1133 3552 8919 3247 10229
15
2035 3580 1624 5166 1340 6537 4830 6162 6646 1128 4753 5175 1898 1032 7035
6
8895 3644 8549 2631 790 7899
6
6724 4882 3212 2784 6651 5825
7
3600 7118 7089 8139 5973 1994 315
9
5197 6559 3954 7841 3716 9729 6736 3152 4955
15
4671 2943 3747 2567 3088 2444 2263 4625 3321 7712 8251 9547 674 6355 3942
5
1508 873 5138 2144 6911
12
859 1899 5913 6049 7374 9442 7865 1170 4033 6416 3735 6082
7
7087 2847 3144 4366 2064 3653 2979
14
3442 5714 2265 1150 5213 4684 5120 115 7022 2961 8020 5552 3040 5150
13
2840 8975 9995 6409 2835 8286 5854 99 1412 7647 6839 2393 8272
4
9534 7420 8657 6163
12
8917 1848 6289 3437 391 2533 8237 5257 4752 2558 2625 7672
10
565 5467 5409 4304 3818 2754 3708 4884 5236 8107
7
2650 8700 2120 9960 6406 558 7726
15
5210 1001 2102 694 442 7511 5778 1739 8410 2290 1398 4700 9098 8577 3076
11
6336 8572 2153 2589 7562 5685 7571 6344 7130 919 11617
11
7385 2897 3508 835 1040 6361 8979 3433 4930 6597 8523
13
5534 6893 443 4785 4672 7006 5734 2614 738 9348 7070 4835 9772
10
7415 2270 5291 8350 1661 3648 9484 4529 803 8127
14
2391 2374 1079 2782 1183 1000 5496 8530 6932 8427 7371 2114 9853 13486
9
9704 7723 2261 6927 9599 6803 8660 3693 14412
4
1527 9250 1077 2791
5
4778 9468 5899 247 8618
5
8612 4483 5369 5134 12496
9
8396 2551 739 5906 599 886 4463 7563 12559
12
7635 3989 1602 421 4126 8209 2274 4750 965 6393 8141 6299
9
7171 6531 1310 5222 8543 47 2613 4219 12230
12
4722 6925 5824 8264 1272 8674 9926 870 8813 4421 1219 2687
12
8166 5325 6896 6831 7121 7585 5067 5746 5034 8006 8987 10058
9
7338 6220 1045 5290 3294 6346 8143 5871 2413
15
2151 7245 6084 4130 5176 328 5254 3753 433 5698 6060 1130 8367 1220 15565
9
9239 1491 8522 1799 535 1320 2730 6081 7680
14
335 1322 2737 9235 7774 6936 8873 7373 8914 3731 9075 2894 172 5429
6
1987 9763 1000 5140 4919 7940
4
4006 1422 8971 10531
8
3121 824 9287 8657 2988 5249 8477 8865
10
1140 1457 6578 6894 574 8477 7200 5579 7670 13735
6
7023 6739 7481 3626 7702 3129
4
8346 4852 5416 10054
5
6591 9840 5112 56 11279
6
9769 3817 8582 2622 4666 4418
11
7814 6171 3673 6694 9033 7635 5155 9818 7348 7480 9965
3
6205 6269 64
5
1907 7688 4755 8320 11112
3
8963 3441 11890
6
7899 2155 1690 7565 5677 7969
14
955 1635 5260 3040 1673 9379 5889 4894 3193 1239 1638 3642 7039 9996
3
1482 1392 186
4
4738 8952 5280 9434
13
1297 4964 4730 8254 3805 6808 8960 6068 1447 5781 3033 9094 16301
13
3634 9560 5703 267 8776 8060 4504 2226 503 3385 7861 7130 4505
15
9883 6524 6397 5996 6116 6043 5003 9692 2557 3160 9188 5801 2511 3741 12772
7
4323 1002 8594 8872 6371 8921 2587
15
1662 9207 1592 2178 2707 7683 278 7640 1179 3284 118 6125 473 2743 9418
2
3807 8189
4
3746 9466 1463 12271
14
9230 3239 6963 7561 9662 2453 9236 8230 7309 8887 149 7517 8131 14907
3
2999 3574 1601
15
8003 1690 416 8386 7774 6067 9313 6826 2646 3770 2778 4758 200 1229 5944
6
4742 3966 1856 2859 2200 6411
3
5189 9263 12394
7
1496 2405 8938 1396 9076 3055 3879
11
7387 7666 291 1270 9845 5497 4023 6233 4367 6310 10679
9
2323 9146 6002 1179 9558 9157 9449 6345 1011
10
6733 2148 7555 9443 5743 5905 4439 8740 2741 5105
14
5529 3545 7967 670 3358 8376 3471 2187 9597 1350 6496 1543 6629 3034
13
633 7185 3003 5506 1013 3270 2827 4584 6656 7845 1164 8951 14175
15
2636 5910 1549 2619 5238 9362 6866 1579 9639 139 3910 6021 3664 177 3711
13
8813 7751 3825 1229 9580 6806 4615 5097 1896 3851 9650 5419 12536
15
2370 1983 3296 9906 4502 84 5833 4760 1613 8325 3227 5111 7346 3835 6865
14
4420 3248 9451 6750 2897 1450 8616 9549 6987 5160 6178 2468 2784 15706
9
6888 9813 3941 4248 7373 3930 7333 7106 14256
14
4747 9635 9699 8695 2244 1871 2231 1620 953 7483 6709 9994 4796 853
5
5312 2170 301 5863 2928
10
4717 8607 9846 4418 1729 8962 8357 388 6144 6180
5
1558 9216 282 1937 9373
3
6200 1313 7449
8
1521 1290 2121 3736 5528 7527 2580 2737
3
130 2089 2219
3
2110 5495 7497
