100
5
1 2 3 4 5
3
3 5 6
2
5 6
2
5 5
14
14226 537909 729982 748405 548385 824938 424498 406648 108602 592817 275844 771564 322236 44983
15
931974 239169 787328 576431 797809 983106 923041 269113 29243 430526 770318 591453 100273 680400 940183
11
537500 36105 569112 235118 910380 496724 730661 37020 742230 663709 989165
9
330894 416455 939442 426620 732907 228073 550654 736990 938791
3
451014 911839 722969
3
391946 479699 174809
14
362780 431428 279718 332390 436593 269398 169563 871988 966407 834085 441071 597922 797563 961732
10
524306 470719 499389 624779 350136 899676 571822 770138 377377 414526
4
227431 556298 636846 176835
4
129756 964194 473418 101081
3
9660 9803 1015
7
1342 2609 7503 7267 8569 2930 9256
13
9184 6106 4368 9640 6076 1106 7165 4839 45 3933 6810 641 3357
3
7135 6002 3245
4
7499 3912 5975 1364
4
4153 8575 1003 6649
4
7976 474 7679 781
4
1847 355 7745 6165
10
5601 3387 6150 5669 2258 6785 7284 328 2563 5013
3
48 1605 1653
3
9777 1169 8864
13
4501 4509 1235 3681 9425 982 8268 2161 1780 461 6144 2587 4258
13
5886 8599 1450 1525 4124 2992 4094 8357 4124 9250 5581 9455 8868
2
9306 2651
3
2160 4286 6350
12
5219 1706 3527 1554 614 3381 1502 6220 5638 2438 4345 1188
11
9744 562 605 9255 8606 7961 1592 8218 7586 2543 3760
10
3370 8612 3464 7167 9416 8894 2698 2034 9215 1748
3
8507 5763 8183
4
2782 2282 2614 2050
13
1985 9164 773 478 9058 9362 8844 6411 861 6522 297 1799 1704
14
5159 2082 9915 249 9377 5690 5281 8833 4898 6061 3309 4994 6599 15579
15
3274 3347 7881 3353 5911 2983 4123 8287 3813 742 6758 8542 827 6424 5093
4
4615 9867 2216 15396
8
5770 6134 413 623 6394 9922 1262 14424
14
1534 8982 3779 5820 7912 4883 6585 1674 6714 4962 7902 4402 6549 7658
7
5836 5643 8673 5197 6089 6498 1599
3
7933 9962 14359
4
8950 6410 8282 6180
12
1345 2072 4845 7395 795 3154 4847 6768 2293 29 6506 5379
7
8975 1446 2183 9646 1827 8850 11825
2
8428 4271
3
9785 8926 1255
2
860 789
5
7098 4471 9783 5399 8426
7
1755 1017 3072 7870 6860 7638 4230
4
505 1184 2387 3082
4
7475 1356 2457 6516
2
2954 5959
2
7247 3361
10
8808 3376 1259 9043 7636 3448 9974 6904 6058 13288
9
3787 3711 4002 3837 898 496 2164 8583 10858
7
4649 3119 3233 1553 7105 172 4059
8
2642 4896 2688 1398 9784 8797 7913 3080
6
1671 8016 7771 1786 1712 4015
10
955 7827 8886 4352 3319 9728 3954 5729 4246 3564
14
6493 1191 1119 5344 4970 7879 5642 7506 6722 318 368 4837 5688 3155
3
6198 9570 15700
15
4628 7898 6327 9124 521 4648 1216 1568 450 9806 2691 8608 9723 4434 7450
12
8005 1473 8052 5187 4028 269 2341 202 3795 2234 8484 7720
7
3351 9981 533 4530 3726 1438 13149
15
1889 8818 5785 5020 456 6046 5048 348 9759 2343 7774 3965 6073 5525 4327
15
6290 5565 3899 6314 3525 9521 2748 2591 5397 8276 7330 4235 1683 914 3712
11
5847 6494 5950 5046 1070 5696 5841 1096 6461 2502 7705
9
1965 3958 4379 3331 7255 1206 879 474 3735
11
3025 8848 5421 3956 1507 1979 5914 1298 6131 2197 15406
5
851 3999 49 5519 6514
6
8721 2962 3220 7538 5163 11342
15
9147 3463 5987 1075 1504 2496 8544 3526 6690 377 766 1621 433 1024 1963
12
1789 3764 2662 146 2387 7358 376 7085 2660 9879 6580 14530
6
3339 8121 3516 9205 5456 2677
11
4945 2012 5080 8121 9052 6901 9208 9928 391 4019 10817
15
6287 2852 3379 7123 3514 9112 1238 5834 9398 8212 2078 2110 9306 4694 3067
5
1221 5807 7082 9894 12134
10
4889 3988 1952 7923 1247 7802 3931 8645 7167 10778
11
9456 8251 224 2012 6391 6925 8082 3603 4475 5310 749
12
6535 9179 3426 3647 2244 9262 6735 2431 6845 9291 2451 12734
6
4721 3331 9412 549 2640 13251
4
4811 8494 7728 7915
5
3010 7922 8075 9942 11373
3
2596 7418 1042
15
7245 7160 7638 8129 6289 5737 2481 9081 5404 9090 7768 6302 1622 5505 541
15
2395 1470 4979 7617 7265 7374 5777 9893 48 6373 796 2825 8304 6179 6751
10
1282 459 5038 5984 7997 498 711 7094 5150 5031
6
7725 4445 8357 7280 1646 6145
12
5358 4993 6152 3171 6610 4286 3180 7683 4895 2186 4815 349
12
7264 9499 3632 2300 909 7079 4915 8132 6472 5955 1565 9084
7
8132 8040 3421 510 5598 9170 14851
9
2530 1231 5112 3019 4010 4605 7617 4381 1941
15
3368 3705 3593 8373 8612 6317 4469 1836 3906 461 1804 4832 3055 2526 7151
3
9923 4840 13355
9
8746 8989 1981 9902 6461 6910 6541 9194 6295
14
443 6110 7314 576 7564 3703 4454 2081 3184 8977 9609 8771 7985 13713
11
2223 8194 4873 6432 756 3105 2038 5545 8389 3584 4299
8
5238 2425 9027 7891 9613 6223 2166 5419
5
2335 3827 2209 6997 5578
