100
2
2 1
3
1 3 2
4
2 1 4 3
4
1 2 3 4
4
1 2 4 3
4
1 3 2 4
4
1 3 4 2
4
1 4 2 3
4
1 4 3 2
4
2 1 3 4
4
2 1 4 3
4
2 3 1 4
4
2 3 4 1
4
2 4 1 3
4
2 4 3 1
4
3 1 2 4
4
3 1 4 2
4
3 2 1 4
4
3 2 4 1
4
3 4 1 2
4
3 4 2 1
4
4 1 2 3
4
4 1 3 2
4
4 2 1 3
4
4 2 3 1
4
4 3 1 2
4
4 3 2 1
10
3 2 4 6 5 1 7 8 9 10
10
9 7 6 5 3 10 2 4 1 8
10
1 5 3 4 2 6 7 8 9 10
5
4 5 2 1 3
10
3 2 8 1 5 6 7 9 4 10
8
1 2 3 4 5 6 7 8
5
5 2 3 4 1
8
5 4 3 2 1 6 7 8
8
7 5 6 8 2 3 1 4
2
2 1
10
1 2 3 8 5 6 7 4 9 10
4
2 3 1 4
5
1 4 5 3 2
8
8 6 4 7 1 3 5 2
10
1 2 3 4 5 6 7 8 9 10
4
1 3 2 4
7
1 2 3 4 7 6 5
2
2 1
3
1 2 3
10
6 7 5 4 3 1 2 8 9 10
9
9 2 1 4 3 6 7 8 5
2
2 1
9
6 4 5 2 9 3 8 7 1
10
10 3 2 7 6 5 4 9 8 1
7
6 7 3 4 5 1 2
8
4 7 6 1 8 3 2 5
2
2 1
9
7 6 1 4 5 3 2 9 8
6
3 6 5 1 4 2
10
6 10 9 8 7 1 5 4 3 2
10
8 4 7 10 1 3 6 2 5 9
10
4 8 1 9 2 3 5 10 7 6
2
2 1
8
6 5 8 7 2 3 1 4
8
1 2 6 3 7 4 8 5
8
3 2 1 7 6 4 5 8
8
1 2 8 4 5 6 7 3
4
1 2 3 4
10
10 2 3 4 5 6 7 8 9 1
8
2 3 1 4 5 6 7 8
8
1 8 3 4 5 6 7 2
10
4 2 3 1 5 6 7 8 9 10
3
3 1 2
5
4 1 5 2 3
2
2 1
1
1
2
2 1
1
1
7
1 2 7 4 5 3 6
2
2 1
3
3 1 2
7
1 2 3 4 5 6 7
5
1 2 3 4 5
8
3 7 5 1 4 6 8 2
10
7 4 3 1 5 6 2 8 9 10
8
8 7 3 6 5 1 2 4
9
3 1 2 7 8 9 5 6 4
8
1 8 4 6 2 5 7 3
5
2 3 1 4 5
2
2 1
9
5 7 4 9 3 2 1 6 8
2
1 2
6
5 1 3 4 2 6
9
1 2 3 4 5 6 7 8 9
8
1 5 2 6 8 7 3 4
6
1 2 3 4 5 6
8
5 2 3 6 7 8 4 1
7
6 2 3 4 1 5 7
3
2 3 1
2
2 1
6
1 3 4 6 5 2
5
5 1 2 3 4
5
2 3 5 1 4
