2000
23186309386 31 55
41484 39 13
118 51 15
37 4 9
111 42 3
958130344153574 79 100
67171932 37 30
183697123960996 17 0
57 69 18
63 58 99
133251483236467 18 100
15678192863 87 12
309176 90 26
54 63 80
6339321345398 81 64
49 35 94
695520063544 6 69
117 56 69
89 7 79
14 70 35
88696034620 30 75
418756274605723 67 1
30 28 10
94 95 82
5146 68 92
53 44 43
677184755299614 61 100
139 31 10
49 84 63
139 60 66
99 56 47
46 50 78
112 63 77
3613989 64 99
901982028272058 50 100
5528857 90 66
29448884815624 52 89
121 10 75
34 76 86
214896418590 8 72
514178314774879 84 100
5630345856669 97 74
132 33 55
139 73 57
400128167970057 87 48
78 98 11
70 53 9
935424038 51 63
12 23 67
42 47 62
5508700500 55 47
44 67 28
3710 79 42
9164 37 92
4639859366418 54 33
659753636 62 71
399346325431 50 37
71 92 44
7837 15 85
9014209 45 9
1 50 85
196270944458 28 45
5692667017602 86 20
890759736459882 2 35
627 56 82
137 64 91
346791 12 75
94 55 99
3 13 65
105 96 47
9867859445 82 34
9488489 92 67
48355612 22 42
3488411030499 77 90
34 17 8
9 72 39
245670 97 13
102 87 88
61 32 44
142 75 40
92 7 87
901658388282015 31 100
27 44 60
35638013509762 8 12
69794388903 45 14
751403119460 7 97
486671645944 2 3
123 98 77
1184839 87 53
6705415 45 27
6 67 88
42 63 14
128 3 19
44857970131751 12 0
5530148348181 99 45
1030044080185 21 7
2 51 50
64 2 39
64804189 74 22
42689968 87 73
6 46 28
55 99 30
737 71 38
35 75 71
64196 78 30
15 26 56
3387489598116 67 95
56 57 69
145 21 34
1693123805 6 10
75 46 17
161483023091203 25 36
15 79 89
81109 97 35
7 99 5
129 19 39
23 4 11
891 35 52
25190461 23 29
424947640427 47 87
89 84 75
69931385 68 75
9 91 36
113 24 69
97 64 39
445771 17 94
6511126 58 52
21 69 53
8 30 61
87 17 33
9854239819 55 84
88 96 78
283 9 99
8 86 51
114 16 19
59 35 64
98 27 86
70 6 25
81720772390692 36 78
69483584172 85 58
42 28 49
4 53 36
125 7 71
79 36 92
59 19 58
5345017 95 90
7500775329 59 76
8 86 71
7363380144067 24 87
96856362 95 71
32 95 39
136 82 5
2 77 23
4 74 10
71544 80 5
2 50 65
855770553531474 16 46
42 17 99
1 35 6
70 23 5
15 81 68
23 27 33
441616198249 97 70
89540571 21 49
143 12 50
100 60 79
108 36 53
62 74 75
72632319229314 15 80
736120961728 41 84
4327513814 88 24
70537334 22 35
22 32 25
41 68 26
5103791 39 31
128 27 93
6225564868900 99 83
42 9 50
184678538189234 21 100
132 77 90
122 43 92
47 90 15
6 99 76
17397319384972 51 100
924 96 74
596066132235913 23 94
64 47 47
68 4 24
105 13 54
9806 7 91
67467 89 45
87663 2 68
520792801 79 15
66 76 73
26 88 23
13 64 35
124 82 69
39 37 7
9 90 52
133 33 62
336090 63 71
64 98 1
2834 71 83
9443254979 63 69
6 23 11
82 90 16
4 74 32
700 6 56
21 40 91
9 70 10
3885909 45 25
95 34 30
31712930 82 60
39 21 85
138 49 99
4 82 7
86898894167738 4 85
18260 29 43
414333163541682 87 16
95 7 71
61 63 28
142 10 79
98 68 50
5 99 64
75 70 25
442641 23 63
867562504549434 7 0
32018534213509 14 29
85 56 91
94 27 7
120 22 81
135 85 9
802554462462540 11 0
312213507 24 4
50239440291 25 58
38 17 19
56 84 71
9571175 97 47
91184 49 83
33185 66 76
105 94 86
117 15 85
7 53 8
119 83 59
134 59 27
11405475455 77 59
110418512687653 78 41
149 41 45
3592611 89 65
61 92 40
61 9 89
3149629 56 42
76 21 11
830633213025 7 55
536104179 81 53
124 30 42
34 3 39
63 1 63
58 29 44
138 36 22
401543811570 32 91
2 75 16
150 58 41
17 8 19
33 78 93
124 10 94
10 46 3
458823 97 83
9 1 23
91166490337 77 99
36 99 6
57 80 53
336153674811115 70 0
80 4 60
89763 10 45
27 16 75
3846174459183 53 93
2 3 85
83 56 80
1195 65 54
495707878083780 31 0
353 80 79
505080835656954 94 0
7060155 55 62
78 76 8
85 23 45
108 69 39
23316334 66 87
17 12 43
425436164128 88 41
84 66 77
4 13 29
14 54 86
123 38 69
657319 17 60
3 19 74
46388 65 40
7586385908 10 34
96 86 22
73015133075 98 66
6 66 90
125 74 7
5 48 92
87704774281091 26 16
2175 23 54
44 28 27
391458140796744 17 0
641735440 25 65
5080 51 55
55814 18 85
88 11 19
1208 47 6
8 57 95
123 78 69
7683942481 72 96
31 98 92
61600993982 88 26
4451269 97 29
4 66 52
51 51 85
800161 10 95
21380402 39 98
455666211717866 26 3
27 90 92
131 64 79
63 59 63
4 61 45
3701305749939 98 47
115529502676 78 83
10 39 23
78 26 77
1 88 6
3577374713 9 56
199530165339221 75 76
820968552383244 10 51
40 10 52
28 16 26
97601697939623 77 82
8708676843216 70 23
1487536151552 67 65
94 82 78
2859936266 55 53
96 18 41
5 79 23
99 90 80
120 24 56
2639453 5 54
3029378 82 32
672381123328289 45 56
103 24 60
32183313369 24 39
11 29 15
15 7 73
716656032761924 51 9
3791 73 50
2055 97 72
8 96 96
141 36 54
52204228 65 72
337089 27 45
82 71 55
263006367051766 19 100
49 68 50
5526 13 88
107 82 77
58 85 54
51073363531444 75 28
130482 4 34
91 93 43
488373510581815 99 45
10097 51 43
471342018 1 27
95 24 83
28 17 50
295760305324674 6 37
92952805 89 12
64 16 45
838646101659 53 3
4883 41 64
46 51 16
111 90 79
97238386 88 80
66 11 83
94858553 92 79
183 50 25
10 53 25
107 60 52
31 75 19
132 66 22
39 74 37
665419728 96 83
979864598 47 97
825143710490 66 32
36 25 44
86 96 61
26 35 45
9540311871391 67 96
87 52 50
92021288 84 52
85 22 10
8 84 91
33 45 69
411990325 1 98
9637 41 31
51055593161 79 84
659570071407741 1 92
8 62 51
30421 69 15
80 55 21
8 13 44
40 13 38
63 24 73
1 40 6
24019054 42 5
118 48 19
9 33 36
10 53 22
317136265 44 39
126 53 19
2 8 12
144 99 88
110 30 79
5912110 21 90
122 62 53
149 36 65
8113941427 60 31
30 88 84
141 92 51
17 92 59
50 39 42
99 20 17
101 81 63
150 2 79
100 32 34
69 7 21
93 25 29
86 45 38
9518 40 70
126 85 29
27 66 90
104 37 4
20 46 3
71296370558 78 23
1755 65 28
111 89 45
22 24 52
82 20 59
127 86 75
136 49 28
73 8 68
24004291140 88 85
129 62 86
6260081492355 26 93
2 52 68
6520102382331 22 33
148 62 93
699426570714 38 73
2 60 23
126429185376620 66 30
63 93 93
60447 89 13
77 39 66
9655529310 13 91
92 34 87
719 2 3
879074293407 47 24
39160 45 66
144 39 86
2304 27 32
5 49 38
21 61 90
68875 40 75
4 28 8
76 19 23
43 13 41
385359811686 46 40
7924865 55 4
907351752556830 7 88
32 40 66
117 56 69
112246 74 41
5 44 8
8217983 94 15
473426 25 26
5 14 87
749442 95 67
72 9 24
721662225153998 50 0
41 72 48
100 29 8
26 68 12
46 84 78
148 39 11
9365997498603 9 83
13 69 86
56 38 24
804 74 30
8226858688465 38 1
127 96 86
74 83 97
9 71 24
131 90 61
58 13 26
5422473 84 42
48 39 23
58 92 8
146 8 38
1440202036525 83 88
139 72 22
22 6 74
24 29 20
102 3 68
695412088153 95 16
5 9 53
78 29 26
108 56 76
93 14 65
56 48 58
145 61 18
66 94 48
7786 41 97
401690989883 29 80
8 77 32
361640714349115 97 87
21696804325719 56 20
67 76 51
15 52 84
3 18 68
465152815519470 8 67
346765 88 74
18 10 22
6673909380995 54 97
19 95 96
61 15 25
112 94 16
2132022 45 14
2 25 12
8621 94 56
48128859949105 98 85
41 62 92
106812264235 20 24
108 13 59
41 2 89
103 22 94
69 17 87
112 14 73
8788 71 38
46 31 87
1961155765508 95 16
7964 78 64
19503259 0 0
120 32 78
62 2 40
85 3 7
98 41 42
599534373 72 85
344181749894 43 38
86 49 3
32 83 90
30 38 5
646169922650084 41 74
843701 2 85
27 8 28
140 74 63
4 92 44
74 27 72
13 37 20
96599089589 5 39
30 14 84
3 40 77
6 31 63
6093299 24 7
139 18 60
128 78 60
5951 23 92
809660026067 73 77
99133936815803 53 24
118473128151 0 100
2885 84 32
62234291355 86 75
19256409032602 71 67
735631373717 83 97
4 82 78
56 4 78
4280661773914 80 30
69456 51 36
954915736239563 38 100
23 53 12
538072 12 56
31 67 54
43 87 86
58070606 42 97
73 49 59
43 56 9
4814 53 19
94601731959343 71 87
21 67 31
7379533004843 1 60
5 2 37
97 21 31
59 91 74
38 13 91
61 12 19
65 5 31
45 14 70
9 90 71
185606 15 87
111 91 19
96 91 37
75 99 72
4202 10 80
15 6 78
56 18 87
3786183 81 45
108 37 82
592038234 80 15
664 48 3
41751 99 10
141 92 92
86 97 45
37437473447 21 28
59280 33 61
3521891858 69 19
95955772336207 51 20
37 55 46
140 63 18
104 50 85
94 26 21
828883152 56 93
45645782426853 54 97
1 50 75
104 55 9
69 13 65
69 41 18
92279 5 18
4679858 31 54
60524962944537 1 74
2286023 31 44
501459498326409 63 59
29 20 51
15 36 10
8560171 64 43
55837582273069 78 86
27 19 23
5413823251 82 65
2669 34 1
27 95 13
103 9 23
70102336034 24 16
130 80 59
127 15 8
141 47 10
53 4 49
56 50 99
138 28 91
30 56 30
83081256 45 40
99 58 91
380753160 23 8
80 50 87
37 80 78
14 88 72
71038459427 64 30
15303 93 14
102 45 39
114 19 76
7739822 46 82
28450539 85 16
3 83 44
50720539485 27 61
128 3 69
23 81 6
29 73 36
20 17 90
13 67 18
57904696 69 48
101553 95 23
37 93 65
63 52 29
465796 6 96
131 7 28
35624843279 60 28
127 18 43
121 36 78
711 10 81
116 41 95
85109 32 1
811273944 82 22
69 6 10
1322 24 67
434211683 2 34
63 19 20
306402946192030 6 0
64 11 48
15 90 24
60888 32 89
163308027384 95 96
75124391064 32 19
2003560 24 2
8 24 70
31453905364 62 4
34 28 30
75 71 78
150 84 68
6607 47 7
512819870916 58 66
431254808216755 54 64
26 11 7
50320016 1 80
1 79 20
46864100 45 59
77525362173 39 40
1 51 3
394719265726 95 15
437457 18 14
3 40 21
113 2 89
20728394111 9 44
18 53 64
4016544 45 4
4216311745395 59 23
84 81 37
980954049 70 89
1 16 85
15 88 11
267235 85 31
146 55 89
33 32 86
70 62 14
68 36 43
55 93 96
91797 87 24
5 53 30
137 40 97
149 53 21
71 87 73
32 85 61
96 60 21
9 6 61
65524849432911 75 95
4637 53 79
85 61 99
527841 85 16
89 66 38
25834905613 85 7
72 73 65
17979 27 81
175 34 80
830922002144295 75 100
1 76 100
536746726283538 46 83
86 73 9
4199230076827 14 26
4388266810475 90 43
123 84 58
2590045916 94 90
34283528292645 95 2
760826986268 78 79
49 84 11
3 89 45
124 28 76
9877 3 47
574847769780386 72 100
17 12 53
142 1 69
7278535 72 83
13 44 77
58 41 10
19 45 17
10 63 42
81961 34 57
16 68 78
63 98 19
68 70 58
85747 90 14
2 100 100
596327 2 22
409 87 92
799315519 13 7
52235399 76 45
39 90 99
38 12 72
922540023465681 29 42
8648 23 55
967 94 1
17 41 45
44 51 24
38603260999917 48 57
237549683803239 74 100
71 89 19
1 19 23
273742 12 49
55502414492 61 28
81436553541 92 44
42 33 58
49 52 76
87690 96 94
78692 100 0
87 49 26
143 70 61
913018592458412 53 79
97 83 8
57 2 37
70 76 13
899196089813 21 54
4 19 82
581044667278892 13 0
846981608684865 87 37
263 95 55
116 23 83
66058583387012 90 62
2 88 45
108 87 88
106 29 42
91861911 13 78
80 25 6
676731 91 62
130 2 35
10 76 2
109 67 6
126 87 70
2 75 42
31 89 9
732757 56 98
75 24 55
1751782 3 90
3 53 77
35 61 62
88152598463 76 83
533636386426038 10 3
14417 28 50
76379264347039 55 12
1487 51 99
144586 53 90
14 50 54
23 55 49
90 13 55
3 60 43
8755 34 29
133 38 8
54 78 22
700880168073358 92 46
2754546977 78 28
78454452576 54 98
931264885877 23 20
66361 83 40
94221327 56 68
119 82 17
3801628010900 51 69
118 34 36
7824056102654 38 22
56 17 55
102 9 44
89 32 67
17 52 19
12218289393 83 55
133 37 84
42 45 24
521385340 74 77
43 77 13
408223275607097 48 100
19 16 72
9978397775 70 74
7942956516141 77 47
74994945 19 31
1351 69 86
92 4 79
16 86 28
6 47 97
98 80 23
103 9 74
536415 28 39
143 52 72
2879660690 18 68
112 45 14
40 67 77
84 64 79
342129294814049 54 63
132 73 11
134 23 83
61 86 53
860262 43 54
42 80 79
69 77 67
97219 45 72
47 72 20
1609114715 84 29
991454841457 78 58
41610 86 32
65607 17 82
94 99 44
31 23 58
58 85 23
28087031088 72 91
552030642780096 27 62
108 10 27
4244192980 89 63
2123980967 96 28
96 8 27
475628932 93 79
396224 88 20
27 60 27
20 63 70
44 90 62
83269000518555 73 37
12 98 61
693956839250311 62 0
8285649619029 89 70
53966068975 20 73
166 69 13
158 49 84
215155 6 36
9 58 71
634 38 91
5 29 50
63 83 70
7 4 17
83 94 40
858083 30 8
2 32 46
6 75 63
852824171 47 33
114 94 48
736 99 64
98 59 85
113 26 5
960454872 73 83
149 81 76
28 57 45
33 34 57
5 38 46
96 77 6
3123922 63 82
69932898315753 23 26
43 43 70
1000000000000000 92 0
122 16 3
855757200919915 64 100
45 68 55
18312895726354 48 69
73 35 68
66946291262 34 36
80 91 45
128 63 28
25 34 28
62 76 45
132 18 82
87760055551336 65 84
64 76 67
5590 53 92
28 78 44
773479676 69 12
949307316028744 5 81
27949245253893 24 54
7605 18 33
306296008494088 12 0
148 69 86
74 25 82
15105446 44 25
107 41 21
31 25 20
5 74 12
832047 83 48
98 9 52
38 87 97
27 36 48
128 25 10
116 6 32
121 44 28
44 35 31
9 21 62
379 71 74
8667503532305 4 43
135 79 76
106 57 36
53 69 94
87 22 44
65033 92 60
117 4 99
2 73 54
25 85 73
2206753 56 65
78 14 27
50 24 51
88 15 31
67 44 5
3 49 69
3839 92 39
105 66 3
87 79 69
140 10 31
15 47 83
32 86 42
853575802332 7 64
78 64 10
72 45 57
234431508 39 14
92 38 81
14824574400 65 67
3293 23 8
4 40 49
84854 14 31
73 67 26
7 96 3
9633775471 24 92
346246871 47 83
14 69 45
105 61 94
31 89 1
13 76 35
14 12 66
128 50 95
56 63 34
72 68 16
88 31 42
79 25 27
50 27 64
14 16 32
54 62 51
19 54 81
108 31 74
115 72 54
116 82 83
140 75 46
148 76 72
651681646097 57 11
96 58 69
86 70 50
57 67 29
19126 39 82
53 36 94
16 55 82
5950450 65 58
81 11 75
83 38 76
74 4 8
37578592 25 50
389412370006179 5 49
91 11 51
402520213120281 6 8
8 8 34
70 91 11
5531477166 11 6
22 32 83
131 69 41
9012480486 81 30
59 3 21
23 91 64
1 22 98
3220321 90 6
264 7 44
97708301329834 83 21
34 92 59
3 83 96
74 20 18
133 18 67
83 46 91
15 53 70
72443870162 55 65
8198709988832 53 35
126 80 32
739765 65 5
93 69 69
379451075350995 31 6
104 29 54
5 25 34
34 71 57
214675683593721 67 2
146 53 50
65 22 21
872 89 68
892978125777934 14 89
113 73 81
643 52 58
101 83 86
133 53 68
51966970 62 70
123 60 61
9753908353133 43 39
72 45 90
9 30 43
29 50 56
6556 85 55
29949244 6 39
117 85 89
1100001978 87 13
59 95 52
106 50 98
7551192950 22 22
89 27 23
436347 75 3
54334 54 38
483460 51 79
5 53 65
64 69 79
272 93 71
127 7 23
994137987482 74 72
96 75 91
121 56 41
544107303285 70 88
148 82 33
8116461479 81 82
79 45 96
89 79 65
7961757063 19 41
18 16 76
148 73 75
3 2 13
98 59 2
133 63 73
122 42 51
135 70 51
117 76 26
129 51 75
19 71 95
79404054861757 20 15
381763151790 19 94
8 60 79
8 4 42
94 12 70
141 68 9
7724863 99 12
889510 98 64
5977 57 24
34 19 5
35616922714206 96 34
8025306511 62 8
676 61 80
49 2 82
788653 74 84
530596987 20 11
111296502213 8 4
229467 95 29
91 84 37
245468673729545 76 0
13 84 10
2439832173 10 98
362849446108 50 59
2864189435 94 48
23 22 10
5555951387 19 43
20 69 68
11 76 52
103 12 93
62 50 62
17 2 63
1527496021912 95 36
6 41 57
311428884150 79 29
6572578219 31 14
1167041 91 85
142 26 46
932 70 47
44 82 37
4 90 48
3 84 87
125 78 77
56782701656343 71 0
111 78 88
138 60 5
135 90 34
28320735 59 74
44608 72 65
144 45 2
1026571135 8 6
46881 73 32
89 50 21
58 36 81
84663544 28 56
39 46 16
33 15 38
806 69 80
46702934 24 63
6243496440897 5 93
4542319532 82 91
1645 70 92
35 35 18
112 7 18
93 35 90
80 63 24
52 74 45
470772638674 90 98
25518830528321 7 97
254086520 73 10
66699 37 29
652490698030 94 25
1413 49 43
95 98 66
18 72 11
99 81 10
75 28 92
484513117 83 68
865738617620 68 64
149 91 90
314457232094042 12 37
145 19 51
93974 45 92
3719 18 15
123 5 10
39541694242736 19 56
2980060237 55 7
44736408 99 1
84587 25 23
65 40 21
11690843144 23 20
45 11 26
4022998595 48 28
9659556 83 29
4149215201872 71 44
464375441051510 18 0
45 18 15
123 10 30
6 53 58
54 38 74
35 71 24
24 14 26
80 64 76
53 5 52
57 74 42
8 60 32
32 78 43
47 11 24
9387126611191 73 92
35 7 78
127 8 3
45597021569274 44 49
4782260 11 15
110 20 3
142 7 31
97 38 52
29 3 89
885996045 64 53
44 1 46
59999 83 43
106 9 48
33315112877 84 48
3738 13 80
45 11 77
8402 81 64
61 97 71
9669 87 30
142 11 51
44997953256 12 94
3 72 90
109 91 6
5 79 2
36652352811029 76 85
5286766443 15 1
93556186 38 45
37 9 75
83 98 18
656447428550 96 44
30473950 54 17
557659971 78 8
119 59 38
806862976 19 84
66872292503787 88 52
27 22 18
163179907471 15 20
15 76 63
18 77 17
125 16 42
142 74 14
19283367684 11 91
74 1 57
18 37 98
91031570 95 93
12 63 90
40 64 42
6052043217 71 36
97951137453486 51 37
10 13 28
125 6 83
742520612 87 70
7280919 16 96
79 50 14
30 71 37
90 78 91
113 7 25
60391275157 85 40
52559489469309 62 42
94 73 22
86 99 28
2201272 37 38
51340164266 88 65
120 30 20
4768716797 64 19
80402592416994 26 98
125 64 91
22 37 10
79667163534557 87 24
128 2 79
72195 65 34
137 13 81
101 3 19
22771953 81 59
94333367523 66 7
92 59 31
103 55 63
29522642 18 6
17 7 98
66 77 29
83 33 50
14 16 97
97 56 55
2 73 89
61555047 21 40
72 79 41
566167047787 89 91
275 5 46
96260 27 4
38048875339286 74 5
6249 95 37
109 90 59
1619310 82 10
52091 8 78
111 27 39
74 88 83
20250562 12 53
26303 52 70
6816336 61 14
21 47 20
36 65 14
126 62 36
4 36 1
1529308838164 24 67
32 91 70
694228906575980 77 0
6 91 34
4650066871814 96 13
29 53 4
49 90 75
16 54 24
552635 82 61
68200 49 35
9202 55 27
2512800 7 12
129 1 80
24 86 8
14 15 42
105 19 47
51 47 37
15 44 1
46 56 14
20141547127746 47 13
1 60 0
287727160625292 2 100
936 92 45
79 80 38
113800249 54 40
8228782464 7 15
31 36 4
127 57 18
7 14 12
5915616496 83 37
563824 99 40
9875175060 69 3
28 24 60
68 25 54
401 48 25
80660611588 53 35
146 60 70
201966 11 89
115 32 33
114 87 78
9642634222760 53 9
139 48 23
91 45 49
7441456708 69 46
3 14 81
97 94 47
2 60 53
1 66 30
260946130 21 45
77 40 13
4993219892831 3 89
95 12 56
130 72 72
622925689070 5 71
124 60 83
916009 74 66
18 12 28
6 78 60
45 75 44
81600217432 15 6
2 50 2
10 86 32
5 62 53
128 47 79
52 38 39
19 28 34
103 57 39
385262754418358 85 4
122746074 54 14
48 16 34
116 59 68
73872211 21 53
49254404 15 5
56 64 43
34 7 32
76061654 24 15
35 5 82
69318014968061 8 33
5989833201108 36 32
204619084650592 22 0
5636628845259 90 61
5307152 61 74
70 71 38
53287812344868 91 80
606868242900836 24 100
9 90 56
74 8 25
16 65 52
5 80 4
84 52 50
2 24 72
88 61 75
7 24 67
133 88 5
149 93 40
8 10 23
61 83 83
1909596 35 6
11 88 72
44 95 24
51 42 60
1788059105 30 34
42725494631151 93 28
96 38 10
6 63 48
3464435512 63 69
37 78 38
14 20 40
99 74 13
105 54 81
49 27 36
57786903446678 72 54
6602435 78 56
65 31 57
400 18 2
559551291 23 79
44 52 76
62298899 82 75
917250191048898 2 20
70871184 48 54
84 66 84
7393778409 56 79
41733 20 58
100 7 54
803235550995 46 9
13483963458 10 75
9 87 42
840312119633723 90 65
57 62 4
98681179 19 92
5189407202150 30 50
550412931791 9 19
146 90 81
10 68 39
94522292855 67 3
43396977 55 45
99052823 85 43
1611 44 47
75 99 22
344409370670238 26 95
6960215 8 96
64 60 99
929411166931479 69 0
139 1 64
118 43 20
126 43 95
17 58 62
80 81 53
899304 38 80
5387694936040 68 13
10333115 42 31
8 27 67
3532 2 35
138 65 35
1 90 82
39 30 65
48 49 21
124 43 95
99 7 42
35 46 44
299774891880 80 38
90 91 84
61 59 2
5382282970947 77 57
5218 81 12
24732484942071 15 35
147 42 71
12 41 69
22992512 67 10
104 26 11
146 67 90
80221324616 21 18
33 66 8
73388126780087 47 100
70 28 31
58 20 35
67183752097812 38 80
23637 74 21
94242 79 47
222385 42 16
861553 25 84
66 38 26
3474321 1 72
973 61 18
16179 48 18
29 80 9
9425673 37 51
6949919972 2 67
828790041 95 30
112 14 9
64080796 7 49
18550 30 30
28 56 5
30090862214 62 97
113 59 96
34 27 29
6147740187255 28 1
95 48 91
51 75 18
100 89 78
115 5 27
5867278 76 42
451602497 80 58
15 16 94
49 1 93
88 92 58
143 61 7
125 70 34
147 57 73
41 91 63
335 98 4
105 42 88
46 21 56
278373 5 65
7 88 52
97 38 17
88 40 85
108 7 17
11915800911718 78 7
24 50 65
115 84 54
90 94 22
96 15 39
49 22 35
77 62 61
31 47 40
54716917816604 37 62
4 14 67
32466843043163 99 20
120120081 49 90
41 86 4
146 39 68
801913005 26 11
3 8 83
56 24 89
94 37 13
3727280194948 96 34
655105330 24 18
1000000000000000 26 35
27 60 31
99 54 66
100 74 96
795096854291743 13 59
65 42 68
787460988 29 44
247803821829647 98 97
6930881123 7 81
24 70 52
656676190 5 48
44 12 38
59945388751032 89 29
55 13 88
12826607518 77 11
61 24 68
87 83 72
11 27 64
145 69 87
18 70 73
30 54 22
17 14 85
665837326627 80 37
7160454649 7 14
8782036 62 46
41 2 78
31878374 57 21
13 11 36
394 9 20
116 88 75
47 73 83
3796533390863 71 96
78 5 99
73 19 28
7 18 30
341960 83 39
916599344667 41 12
4 95 69
140 18 93
361457137161371 25 75
140 48 11
150581344 60 88
185849 33 64
98 99 30
72 54 2
148 96 71
6 5 20
99 94 6
3431878 88 24
112 51 42
77 94 58
7 10 37
104 3 42
31 82 83
26 15 56
617043 2 7
662 61 63
142 57 4
31020720485793 60 94
1091208 69 3
8 40 77
7306 13 21
84 11 3
8875 56 76
2 14 92
29 81 9
69 39 77
808906356 16 27
89 15 99
36886008480 47 95
8003 6 18
65160442 2 41
2240991083 92 42
59 85 59
115 53 23
86 91 23
22742 64 68
40 68 72
131 84 10
6 93 62
58 72 47
56035626568053 75 12
1 50 86
26 47 12
8 19 72
108 13 90
7 25 55
28348 23 13
76 18 58
90948890480 98 48
99764 45 5
131 26 80
530860 1 33
1 62 6
145 54 60
46 96 13
54 40 73
96 92 1
123 94 99
10 63 83
57 81 12
149 74 55
716565 75 41
2 11 31
64 14 44
112 14 77
101 99 75
645787658388455 35 0
89925021885 72 98
40537372544901 2 1
6692953310247 43 82
114 82 9
86 53 3
4076555666066 94 18
36 95 40
38 39 96
5397611620813 51 67
51 85 62
639 75 21
5062378037985 66 69
929526 55 21
122 17 91
129 32 27
90574049949 83 68
194 66 73
10293593 43 86
121 20 3
2551170561 26 11
24283691485756 88 61
84385 75 91
78 29 94
135 50 4
64191336681 22 83
75 21 92
56 14 57
237371129816492 55 22
95 83 28
90 86 22
8690307996 90 13
97838122033435 9 45
42 98 77
9420482861 49 56
30 94 13
57 48 69
148 41 80
6033 75 16
64438532 19 29
135741984 10 75
148 60 92
121 92 85
114 17 45
6491781 21 52
720 41 64
401450376194 88 5
4921528 86 56
67 92 22
7901068979949 1 87
44193 91 85
14 5 88
1265196891 98 46
63 46 22
122 34 83
24 86 44
79 18 59
4 68 68
83 90 35
53012510 5 78
31 85 99
34972170380 89 41
37 16 77
83 40 85
47 4 55
26 2 95
2364482294311 26 98
14207079432 17 36
95 95 63
98 59 91
51 50 42
16 78 18
117 77 75
41046 65 73
85 72 7
42 72 6
6 35 26
5645139301 35 69
60 96 4
12402317412932 16 65
5348175283 78 77
102 68 37
79 63 25
9 1 81
71955581 83 94
145 74 15
10 20 96
124 58 6
26126670 58 50
34 4 12
68 13 90
24 96 64
57 51 31
8651398339320 39 42
28 51 55
484521 7 60
45 85 61
117 72 36
82 17 80
7633438328223 55 89
16 94 8
11579877 40 93
100 61 59
15 18 30
58994622793501 39 71
359769925 49 36
45715 26 40
135 42 36
6 84 8
82 75 19
40658132 87 34
301217113 22 63
34 81 44
9556228865694 22 63
96 78 15
137 63 88
126 73 28
25 24 14
129 55 72
31 88 49
65535167 30 91
4200 76 28
247 54 5
78 53 26
57 54 41
88878419 51 62
704491846096227 59 100
139 60 12
87 99 93
3845251 58 83
77023028596 95 38
118 40 43
9 70 34
321910656152 70 56
90 51 40
139 95 7
112 14 47
9 4 50
76 31 49
117 53 97
121 47 9
2028 42 75
132 60 90
256 23 28
401340026416872 10 100
99320682431 17 35
83 74 77
33 18 74
79 19 87
809211763974 29 99
44 35 23
5671299507360 8 77
22845406260554 79 11
76144409 65 51
141 13 87
775 75 99
150 34 91
3344767219 83 84
102 44 51
2 75 92
9622860235 18 28
11 33 8
144 30 91
2340199794852 93 91
8117 19 79
10 33 94
40593364690457 28 32
8116773402107 19 28
35 58 4
20 78 47
479 3 67
5 9 53
770499856587005 74 32
2748295109 23 48
20 75 20
8 72 77
32 5 58
22 45 63
76 53 84
3763087522734 5 96
1617722558484 28 13
53 67 37
45 27 59
50 1 47
7871672655 70 13
79 26 2
111030624 36 37
2 5 82
112 80 50
43 3 9
4 3 74
6634866 83 30
109 51 55
9 86 3
120 64 67
61 79 62
118 74 36
274716811970235 60 23
888985855329784 64 29
76774 27 98
149 15 25
886727 48 33
147 20 30
8317916286 90 5
4503452373720 18 76
39 85 68
113 84 27
22852 50 61
36 72 88
733542 76 46
87 85 73
113 74 72
6 75 95
10 62 53
147 79 45
460994 3 63
45 74 31
58557470 75 78
2 47 88
121 10 18
40 30 89
113 29 18
49 7 31
479953930752 71 79
19 83 74
7002327273169 22 69
32 87 72
80 47 61
11986072084 59 75
5 17 94
28 70 92
126 81 46
41 56 49
31573 83 13
45 49 9
6 93 44
93582 38 57
71623623593 22 39
17 5 86
94516136654235 18 17
101 25 24
36 6 59
2845 33 84
7328557919 67 73
25 73 59
344 14 50
26 58 53
43 8 6
701594086992 16 6
28287860 31 70
3543730500695 79 61
2 73 45
531242 43 40
105 61 78
62 74 99
965023134026872 89 11
29 39 74
105 74 15
43026617272489 14 1
194006482813196 79 49
937364065738574 14 0
71 99 39
98 39 2
18 5 31
91994376156410 55 56
13 81 97
56533376072907 21 95
2 50 85
35 50 50
667379 32 45
30 61 36
980728739 68 89
101622825737 85 94
351209 58 46
57 24 32
473586386174 54 65
7136983160561 48 28
402630197393 41 52
766 59 86
60 31 13
974734 17 3
3515814 7 59
96 86 22
59 60 16
71539091 92 53
243779824556 29 32
215215004678624 95 100
273985379664351 95 20
4 2 29
14 54 17
121 44 73
94591916806405 8 14
133 26 44
3 83 41
30 75 74
112 79 94
6 21 29
858139514 82 90
524834146 4 17
79 8 40
36 74 63
17 36 70
9901358390204 83 51
91 79 91
14 14 29
108 33 40
2 28 19
3 60 42
148 12 54
830 80 63
9443133034 44 82
57 35 70
27 38 50
774 17 11
27 3 88
9651 45 70
61 68 22
22 9 74
6 25 25
95 72 24
458 28 49
28 86 58
32 10 2
43999922870036 16 75
57 61 95
29 3 40
105 59 14
752 84 24
29 26 12
