100
8 2 47
2 75 40
2 50 17
2 60 8
1 94 92
10 5 71
10 84 69
10 70 0
3 80 72
8 27 55
4 25 67
10 91 94
8 9 50
8 33 37
9 50 100
2 50 7
9 85 99
6 19 39
10 95 3
10 90 46
5 25 11
10 10 53
10 97 6
10 22 70
10 79 92
2 31 76
7 90 72
5 40 42
9 23 32
10 92 80
8 47 14
10 94 87
9 33 69
9 30 60
10 83 15
7 90 98
10 0 0
10 50 0
1 82 57
7 32 15
10 65 95
10 88 52
5 33 25
3 75 87
8 24 48
6 28 59
4 14 96
3 69 77
1 48 19
1 48 34
10 99 71
4 43 2
2 45 32
8 14 15
9 10 30
3 49 35
2 50 33
4 20 55
5 10 70
9 30 23
1 34 100
1 50 21
9 73 37
1 42 0
6 0 100
3 49 7
6 17 73
2 8 19
3 25 23
3 75 11
2 83 61
5 80 70
10 78 97
2 100 100
10 96 78
2 88 80
5 98 35
2 25 67
2 25 16
10 54 26
5 75 87
1 50 18
2 8 56
8 52 84
5 14 74
10 90 75
5 7 42
1 50 86
8 25 3
7 1 85
6 87 43
6 90 53
8 20 76
4 96 22
8 92 92
7 45 55
10 47 51
5 22 73
4 40 36
5 100 0
