100
5 95 88
4 32 32
6 65 96
1 89 0
5 46 93
10 43 78
10 54 18
3 25 50
7 89 12
9 60 82
10 64 48
9 44 23
10 70 71
5 40 62
8 81 4
6 10 81
2 50 24
5 49 24
7 28 58
2 55 20
6 21 92
3 31 45
7 29 24
4 47 79
6 50 100
6 60 23
6 6 68
10 41 50
9 100 0
9 36 10
10 42 50
2 50 41
5 25 41
3 100 100
10 69 92
7 64 61
3 63 26
8 68 50
1 13 23
3 38 28
2 92 70
2 97 51
2 50 77
10 48 10
10 23 98
2 20 69
10 64 50
10 35 12
6 47 49
10 78 0
4 60 12
1 50 48
7 50 0
4 60 53
7 60 9
9 30 23
10 71 38
4 88 9
8 97 36
10 95 95
1 50 87
3 83 25
1 77 95
1 38 82
3 66 76
9 60 71
10 65 67
10 8 7
2 3 20
10 32 32
2 71 58
3 25 31
10 0 100
10 87 81
7 71 40
2 20 83
10 54 67
4 25 71
5 73 39
1 50 93
3 75 89
10 70 50
10 25 9
2 61 91
6 96 90
10 30 31
1 1 100
6 0 0
10 71 71
5 3 52
1 90 85
3 85 99
7 40 9
8 81 19
1 16 90
10 64 61
7 10 79
4 9 46
6 55 14
6 25 65
