100
10 56 46
2 50 71
10 99 30
3 0 100
2 75 99
10 36 35
6 75 9
2 73 9
1 50 3
9 58 11
10 1 25
6 40 83
10 46 35
1 50 35
8 82 34
10 70 87
3 32 41
8 31 37
2 36 69
10 29 96
10 35 60
9 81 20
5 75 16
3 60 35
10 35 66
10 70 63
5 64 63
4 75 70
2 50 75
10 86 8
3 80 47
1 96 73
9 34 11
5 45 94
2 75 30
1 100 100
2 27 87
5 89 72
3 75 77
3 37 88
2 44 27
10 30 18
2 63 20
6 40 64
4 95 50
2 83 37
2 11 97
6 74 90
1 57 41
5 4 36
2 23 96
3 40 13
7 70 52
2 15 43
1 92 90
6 80 98
3 52 85
3 78 71
10 15 71
6 39 39
8 70 26
3 88 24
9 0 0
8 50 0
2 30 17
5 100 0
3 25 59
7 46 61
5 60 85
5 13 79
10 83 100
4 4 23
4 62 63
10 52 56
9 19 63
1 82 0
10 1 18
6 90 93
5 85 56
1 40 100
10 58 59
3 35 3
7 93 89
9 92 60
5 3 21
7 71 12
10 24 65
10 84 86
7 90 76
2 50 23
5 24 89
7 38 86
4 71 22
3 44 38
9 99 75
1 50 34
8 70 51
3 65 67
3 50 100
3 22 55
